0 0.267578125 0.283203125 0.087890625 0.091796875
0 0.7255859375 0.291015625 0.138671875 0.115234375
1 0.55859375 0.373046875 0.169921875 0.173828125
1 0.333984375 0.421875 0.134765625 0.1689453125
0 0.5673828125 0.4462890625 0.1064453125 0.0888671875
0 0.349609375 0.4853515625 0.119140625 0.080078125
3 0.23046875 0.5107421875 0.341796875 0.9345703125
3 0.8291015625 0.54296875 0.3388671875 0.888671875
3 0.568359375 0.6201171875 0.263671875 0.7060546875
1 0.201171875 0.197265625 0.296875 0.2841796875
1 0.78515625 0.23046875 0.2451171875 0.232421875