1 0.673828125 0.2919921875 0.125 0.115234375
1 0.2734375 0.296875 0.130859375 0.1123046875
1 0.138671875 0.298828125 0.1279296875 0.125
1 0.4951171875 0.3564453125 0.115234375 0.1123046875
0 0.2822265625 0.3583984375 0.0673828125 0.048828125
5 0.2578125 0.5224609375 0.134765625 0.1796875
3 0.6640625 0.6123046875 0.240234375 0.771484375
3 0.279296875 0.6162109375 0.197265625 0.7607421875
3 0.470703125 0.63671875 0.201171875 0.716796875
5 0.6630859375 0.662109375 0.205078125 0.458984375
5 0.111328125 0.66796875 0.212890625 0.4609375
5 0.466796875 0.669921875 0.193359375 0.3203125