5 0.8349609375 0.279296875 0.0888671875 0.2294921875
1 0.5732421875 0.3125 0.0625 0.099609375
5 0.072265625 0.322265625 0.0966796875 0.25
3 0.828125 0.34375 0.1279296875 0.5810546875
3 0.0888671875 0.369140625 0.1435546875 0.568359375
1 0.349609375 0.3779296875 0.0625 0.103515625
5 0.46484375 0.4150390625 0.0986328125 0.2392578125
3 0.580078125 0.41796875 0.123046875 0.330078125
5 0.5654296875 0.447265625 0.072265625 0.1533203125
3 0.46484375 0.4482421875 0.107421875 0.353515625
3 0.390625 0.44921875 0.0595703125 0.263671875
5 0.384765625 0.48828125 0.0625 0.158203125
5 0.310546875 0.556640625 0.0830078125 0.2998046875
3 0.3173828125 0.638671875 0.115234375 0.646484375
1 0.064453125 0.1455078125 0.0732421875 0.078125