0 0.275390625 0.2548828125 0.080078125 0.041015625
0 0.66796875 0.263671875 0.0830078125 0.044921875
0 0.0908203125 0.263671875 0.083984375 0.0517578125
5 0.478515625 0.45703125 0.2314453125 0.423828125
5 0.85546875 0.4580078125 0.1669921875 0.380859375
5 0.271484375 0.49609375 0.197265625 0.357421875
3 0.4765625 0.525390625 0.302734375 0.931640625
5 0.712890625 0.525390625 0.205078125 0.419921875
3 0.845703125 0.533203125 0.205078125 0.8876953125
5 0.126953125 0.5361328125 0.1904296875 0.412109375
3 0.267578125 0.556640625 0.232421875 0.8154296875
3 0.697265625 0.55859375 0.2451171875 0.8798828125
3 0.119140625 0.5625 0.208984375 0.849609375
1 0.466796875 0.119140625 0.1123046875 0.1015625
1 0.8369140625 0.158203125 0.1142578125 0.099609375
0 0.4599609375 0.16796875 0.076171875 0.044921875
1 0.091796875 0.203125 0.1279296875 0.119140625
1 0.26953125 0.2041015625 0.107421875 0.091796875
1 0.6865234375 0.20703125 0.1328125 0.107421875