1 0.705078125 0.1611328125 0.2705078125 0.2470703125
1 0.123046875 0.177734375 0.2421875 0.2373046875
1 0.525390625 0.287109375 0.193359375 0.1611328125
0 0.626953125 0.32421875 0.09375 0.0986328125
0 0.1611328125 0.326171875 0.0908203125 0.103515625
1 0.2919921875 0.3642578125 0.1689453125 0.1689453125
0 0.494140625 0.4130859375 0.142578125 0.1044921875
0 0.283203125 0.490234375 0.1513671875 0.099609375
3 0.7841796875 0.498046875 0.427734375 0.9501953125
3 0.123046875 0.533203125 0.216796875 0.8935546875
3 0.5009765625 0.57421875 0.2451171875 0.763671875
3 0.28515625 0.6279296875 0.232421875 0.7060546875