1 0.2939453125 0.2890625 0.171875 0.1435546875
1 0.841796875 0.326171875 0.2109375 0.2138671875
0 0.4775390625 0.34765625 0.142578125 0.080078125
0 0.279296875 0.384765625 0.119140625 0.0673828125
0 0.8212890625 0.466796875 0.1513671875 0.0859375
3 0.537109375 0.5576171875 0.318359375 0.875
3 0.2431640625 0.5869140625 0.3330078125 0.7734375
3 0.8173828125 0.607421875 0.3564453125 0.7783203125
5 0.544921875 0.728515625 0.291015625 0.5341796875
5 0.263671875 0.767578125 0.2841796875 0.462890625
5 0.806640625 0.8037109375 0.380859375 0.3642578125
1 0.490234375 0.21484375 0.1845703125 0.1611328125