0 0.2568359375 0.310546875 0.1484375 0.1015625
0 0.6826171875 0.328125 0.125 0.1123046875
1 0.529296875 0.3525390625 0.125 0.1455078125
1 0.4033203125 0.384765625 0.115234375 0.1279296875
0 0.52734375 0.439453125 0.111328125 0.076171875
0 0.3984375 0.46484375 0.103515625 0.0703125
3 0.1806640625 0.5478515625 0.326171875 0.9013671875
3 0.796875 0.564453125 0.380859375 0.8388671875
3 0.533203125 0.6201171875 0.2373046875 0.7060546875
3 0.3896484375 0.646484375 0.138671875 0.669921875
1 0.259765625 0.2021484375 0.169921875 0.1826171875
1 0.7060546875 0.236328125 0.171875 0.146484375