1 0.4326171875 0.376953125 0.166015625 0.169921875
1 0.7734375 0.400390625 0.2001953125 0.1640625
0 0.732421875 0.41796875 0.0888671875 0.0673828125
1 0.642578125 0.451171875 0.1640625 0.138671875
0 0.6171875 0.49609375 0.09375 0.064453125
3 0.4111328125 0.642578125 0.291015625 0.712890625
3 0.806640625 0.65234375 0.28125 0.689453125
3 0.15234375 0.654296875 0.3017578125 0.6875
3 0.607421875 0.6884765625 0.1591796875 0.6201171875
5 0.42578125 0.765625 0.2548828125 0.4501953125
5 0.8046875 0.779296875 0.271484375 0.4375
5 0.1669921875 0.8037109375 0.306640625 0.3671875
5 0.625 0.810546875 0.162109375 0.3125