1 0.6015625 0.326171875 0.068359375 0.1220703125
5 0.6064453125 0.3740234375 0.134765625 0.2236328125
3 0.5986328125 0.3896484375 0.1689453125 0.2548828125
1 0.7216796875 0.41015625 0.068359375 0.1142578125
5 0.72265625 0.4287109375 0.126953125 0.2138671875
3 0.716796875 0.451171875 0.130859375 0.2685546875
1 0.548828125 0.5234375 0.078125 0.09375
1 0.77734375 0.546875 0.0830078125 0.099609375
5 0.501953125 0.5849609375 0.1044921875 0.2548828125
3 0.763671875 0.6416015625 0.134765625 0.294921875
3 0.5068359375 0.6455078125 0.138671875 0.380859375
1 0.6220703125 0.666015625 0.072265625 0.103515625
3 0.611328125 0.7724609375 0.173828125 0.326171875
5 0.607421875 0.8046875 0.134765625 0.21875