1 0.7939453125 0.251953125 0.171875 0.185546875
0 0.6416015625 0.330078125 0.1513671875 0.0908203125
0 0.779296875 0.3642578125 0.111328125 0.0751953125
1 0.4609375 0.3779296875 0.228515625 0.2373046875
0 0.2431640625 0.3896484375 0.236328125 0.1201171875
3 0.193359375 0.5166015625 0.380859375 0.9638671875
0 0.4716796875 0.5244140625 0.177734375 0.0830078125
3 0.6162109375 0.525390625 0.236328125 0.947265625
3 0.826171875 0.57421875 0.2421875 0.845703125
3 0.455078125 0.60546875 0.2138671875 0.7138671875
1 0.6171875 0.19921875 0.208984375 0.2138671875
1 0.2109375 0.208984375 0.390625 0.3359375