1 0.3896484375 0.2421875 0.1357421875 0.15625
1 0.63671875 0.2451171875 0.1455078125 0.140625
0 0.376953125 0.3076171875 0.095703125 0.0810546875
0 0.6337890625 0.314453125 0.0986328125 0.0595703125
1 0.509765625 0.4296875 0.154296875 0.125
0 0.505859375 0.5107421875 0.09375 0.0595703125
3 0.2744140625 0.564453125 0.326171875 0.841796875
3 0.689453125 0.576171875 0.267578125 0.822265625
5 0.3095703125 0.6513671875 0.271484375 0.572265625
3 0.505859375 0.6787109375 0.228515625 0.6201171875
5 0.689453125 0.7080078125 0.2294921875 0.541015625
5 0.5068359375 0.810546875 0.2236328125 0.3623046875