1 0.599609375 0.2890625 0.1171875 0.1064453125
0 0.591796875 0.333984375 0.076171875 0.0341796875
5 0.154296875 0.494140625 0.1201171875 0.1513671875
5 0.3349609375 0.51953125 0.107421875 0.220703125
5 0.419921875 0.533203125 0.0703125 0.1748046875
5 0.2490234375 0.54296875 0.0986328125 0.154296875
5 0.6005859375 0.564453125 0.279296875 0.3076171875
3 0.1474609375 0.611328125 0.1513671875 0.5732421875
3 0.248046875 0.61328125 0.1123046875 0.486328125
3 0.626953125 0.6142578125 0.361328125 0.7626953125
3 0.330078125 0.623046875 0.111328125 0.595703125