0 0.4423828125 0.3154296875 0.103515625 0.072265625
1 0.177734375 0.33203125 0.21875 0.1796875
1 0.8701171875 0.3388671875 0.2216796875 0.140625
1 0.6806640625 0.3681640625 0.185546875 0.1513671875
0 0.8134765625 0.41015625 0.076171875 0.080078125
0 0.2392578125 0.419921875 0.056640625 0.0517578125
0 0.64453125 0.45703125 0.1044921875 0.0576171875
3 0.419921875 0.564453125 0.3125 0.869140625
3 0.185546875 0.611328125 0.3125 0.7685546875
3 0.873046875 0.6318359375 0.25 0.7294921875
3 0.6630859375 0.638671875 0.220703125 0.71875
5 0.4296875 0.703125 0.28125 0.583984375
5 0.87109375 0.7548828125 0.251953125 0.4560546875
5 0.185546875 0.7646484375 0.3125 0.4423828125
5 0.677734375 0.771484375 0.224609375 0.4375
1 0.453125 0.2294921875 0.2060546875 0.177734375