0 0.1708984375 0.3173828125 0.1923828125 0.103515625
0 0.853515625 0.330078125 0.1923828125 0.0888671875
1 0.51171875 0.3583984375 0.205078125 0.2236328125
0 0.5224609375 0.4169921875 0.1513671875 0.1376953125
3 0.861328125 0.51953125 0.275390625 0.9580078125
3 0.185546875 0.521484375 0.3544921875 0.9345703125
3 0.587890625 0.591796875 0.375 0.6826171875
5 0.341796875 0.62109375 0.208984375 0.423828125
5 0.611328125 0.712890625 0.337890625 0.2861328125
5 0.888671875 0.7255859375 0.21875 0.533203125
0 0.3701171875 0.162109375 0.1435546875 0.111328125
1 0.859375 0.1904296875 0.259765625 0.271484375