1 0.279296875 0.2587890625 0.1201171875 0.1171875
3 0.388671875 0.28125 0.1435546875 0.3408203125
1 0.755859375 0.291015625 0.1044921875 0.1142578125
1 0.556640625 0.3056640625 0.109375 0.1142578125
5 0.3974609375 0.306640625 0.107421875 0.166015625
3 0.484375 0.318359375 0.1220703125 0.298828125
5 0.4736328125 0.3349609375 0.072265625 0.1513671875
3 0.728515625 0.3583984375 0.150390625 0.263671875
1 0.8173828125 0.3740234375 0.1376953125 0.107421875
3 0.2939453125 0.375 0.177734375 0.337890625
1 0.224609375 0.4140625 0.1640625 0.1376953125
3 0.583984375 0.419921875 0.169921875 0.3408203125
3 0.814453125 0.4892578125 0.1640625 0.353515625
5 0.830078125 0.51953125 0.1357421875 0.1923828125
5 0.169921875 0.564453125 0.169921875 0.216796875
3 0.203125 0.576171875 0.2373046875 0.4658203125
1 0.384765625 0.1884765625 0.095703125 0.1328125
1 0.4873046875 0.2216796875 0.078125 0.109375