1 0.400390625 0.2861328125 0.1201171875 0.1123046875
1 0.513671875 0.2919921875 0.1220703125 0.125
1 0.103515625 0.2978515625 0.1044921875 0.1171875
1 0.2568359375 0.322265625 0.1015625 0.1298828125
1 0.71875 0.3251953125 0.09375 0.083984375
3 0.869140625 0.513671875 0.259765625 0.9296875
5 0.7236328125 0.5693359375 0.0810546875 0.267578125
5 0.1103515625 0.5732421875 0.142578125 0.34375
3 0.71484375 0.583984375 0.1142578125 0.7060546875
5 0.845703125 0.6025390625 0.2138671875 0.5263671875
3 0.548828125 0.603515625 0.2236328125 0.7685546875
3 0.1181640625 0.609375 0.1669921875 0.755859375
3 0.40625 0.61328125 0.1435546875 0.7705078125
3 0.267578125 0.6162109375 0.185546875 0.7392578125
5 0.255859375 0.64453125 0.146484375 0.361328125
5 0.529296875 0.6513671875 0.181640625 0.427734375
1 0.82421875 0.1513671875 0.1640625 0.1533203125