5 0.87109375 0.373046875 0.107421875 0.322265625
5 0.9423828125 0.4443359375 0.052734375 0.216796875
5 0.783203125 0.466796875 0.095703125 0.341796875
5 0.6162109375 0.494140625 0.142578125 0.431640625
3 0.4775390625 0.49609375 0.2392578125 0.986328125
3 0.87109375 0.50390625 0.1171875 0.939453125
3 0.275390625 0.5048828125 0.2861328125 0.9716796875
5 0.6962890625 0.5166015625 0.1171875 0.392578125
5 0.4755859375 0.53125 0.2109375 0.5
3 0.609375 0.5341796875 0.119140625 0.927734375
3 0.7880859375 0.544921875 0.095703125 0.8564453125
3 0.701171875 0.5537109375 0.1064453125 0.873046875
5 0.0556640625 0.6083984375 0.091796875 0.388671875
5 0.26171875 0.6513671875 0.205078125 0.599609375
1 0.505859375 0.0966796875 0.1640625 0.15625
1 0.8857421875 0.1044921875 0.1064453125 0.0966796875
1 0.31640625 0.1181640625 0.2080078125 0.1796875
1 0.1328125 0.134765625 0.1279296875 0.1376953125
1 0.6220703125 0.142578125 0.115234375 0.1376953125
1 0.787109375 0.1806640625 0.0908203125 0.1328125
1 0.71484375 0.201171875 0.1015625 0.142578125