1 0.1484375 0.1171875 0.140625 0.140625
1 0.6572265625 0.1708984375 0.142578125 0.158203125
1 0.38671875 0.185546875 0.142578125 0.154296875
1 0.880859375 0.189453125 0.169921875 0.171875
5 0.12890625 0.55078125 0.2421875 0.5546875
5 0.3662109375 0.60546875 0.2451171875 0.517578125
5 0.64453125 0.6201171875 0.236328125 0.5654296875
5 0.8759765625 0.6787109375 0.2451171875 0.6357421875
3 0.150390625 0.51953125 0.265625 0.935546875
3 0.373046875 0.552734375 0.2783203125 0.875
3 0.63671875 0.544921875 0.2548828125 0.890625
3 0.865234375 0.5400390625 0.255859375 0.9140625