1 0.119140625 0.173828125 0.1953125 0.2109375
1 0.8701171875 0.2587890625 0.224609375 0.220703125
0 0.15625 0.2666015625 0.078125 0.0517578125
1 0.6064453125 0.294921875 0.0654296875 0.0888671875
1 0.291015625 0.3037109375 0.09375 0.0888671875
1 0.7099609375 0.3154296875 0.0859375 0.1064453125
1 0.4716796875 0.326171875 0.068359375 0.111328125
0 0.29296875 0.3427734375 0.0517578125 0.0263671875
1 0.794921875 0.427734375 0.0546875 0.0986328125
3 0.8017578125 0.458984375 0.072265625 0.1875
3 0.291015625 0.5048828125 0.1513671875 0.5029296875
1 0.1884765625 0.513671875 0.080078125 0.125
3 0.1318359375 0.5302734375 0.2265625 0.9169921875
5 0.455078125 0.54296875 0.138671875 0.294921875
5 0.7041015625 0.5537109375 0.1455078125 0.298828125
3 0.701171875 0.556640625 0.1611328125 0.578125
3 0.841796875 0.5712890625 0.3046875 0.8515625
5 0.2939453125 0.572265625 0.140625 0.341796875
3 0.1826171875 0.580078125 0.0908203125 0.279296875
3 0.5986328125 0.6162109375 0.125 0.7607421875
3 0.4638671875 0.6396484375 0.1533203125 0.7138671875
5 0.12109375 0.6953125 0.2109375 0.5625
5 0.8583984375 0.732421875 0.279296875 0.470703125