1 0.1552734375 0.3310546875 0.0673828125 0.068359375
1 0.2470703125 0.3984375 0.056640625 0.0654296875
1 0.3427734375 0.4091796875 0.0576171875 0.052734375
1 0.6826171875 0.4140625 0.056640625 0.068359375
1 0.7578125 0.388671875 0.0595703125 0.056640625
1 0.8544921875 0.361328125 0.0595703125 0.0595703125
1 0.4365234375 0.40625 0.0576171875 0.0625
1 0.5224609375 0.427734375 0.0546875 0.064453125
1 0.5888671875 0.3896484375 0.0498046875 0.0576171875
5 0.142578125 0.501953125 0.1171875 0.208984375
5 0.2412109375 0.564453125 0.111328125 0.2265625
5 0.3369140625 0.576171875 0.1015625 0.2216796875
5 0.439453125 0.58984375 0.115234375 0.2578125
5 0.517578125 0.5986328125 0.0732421875 0.2216796875
5 0.59765625 0.5732421875 0.091796875 0.255859375
5 0.685546875 0.568359375 0.0966796875 0.2109375
5 0.767578125 0.548828125 0.099609375 0.2080078125
5 0.8662109375 0.5244140625 0.095703125 0.220703125
3 0.1328125 0.607421875 0.140625 0.6220703125
3 0.2451171875 0.642578125 0.1064453125 0.552734375
3 0.337890625 0.6484375 0.1015625 0.552734375
3 0.431640625 0.6435546875 0.109375 0.546875
3 0.517578125 0.65625 0.083984375 0.5126953125
3 0.595703125 0.634765625 0.107421875 0.560546875
3 0.681640625 0.650390625 0.087890625 0.5546875
3 0.7646484375 0.6279296875 0.0986328125 0.5751953125
3 0.8642578125 0.619140625 0.119140625 0.599609375