1 0.3994140625 0.427734375 0.0546875 0.0625
1 0.2431640625 0.435546875 0.0732421875 0.0751953125
1 0.205078125 0.412109375 0.0517578125 0.0498046875
1 0.330078125 0.435546875 0.0341796875 0.0361328125
1 0.447265625 0.44921875 0.041015625 0.0390625
1 0.564453125 0.4658203125 0.046875 0.0439453125
1 0.6650390625 0.453125 0.0361328125 0.037109375
1 0.71484375 0.4833984375 0.048828125 0.0546875
5 0.232421875 0.623046875 0.1328125 0.2705078125
5 0.404296875 0.6044921875 0.119140625 0.2314453125
5 0.5712890625 0.5693359375 0.080078125 0.142578125
5 0.7138671875 0.5947265625 0.0966796875 0.1640625
5 0.6630859375 0.505859375 0.0390625 0.083984375
5 0.4560546875 0.55078125 0.0654296875 0.142578125
5 0.189453125 0.49609375 0.037109375 0.0732421875
5 0.3271484375 0.5380859375 0.0703125 0.1201171875
3 0.2412109375 0.6943359375 0.154296875 0.5859375
3 0.1845703125 0.5126953125 0.0810546875 0.255859375
3 0.3291015625 0.5908203125 0.0888671875 0.3564453125
3 0.408203125 0.6962890625 0.1611328125 0.5888671875
3 0.462890625 0.5322265625 0.083984375 0.216796875
3 0.5732421875 0.623046875 0.078125 0.365234375
3 0.720703125 0.65234375 0.111328125 0.3955078125
3 0.6689453125 0.54296875 0.046875 0.2080078125