1 0.4365234375 0.09765625 0.0673828125 0.0986328125
1 0.328125 0.537109375 0.0654296875 0.09375
1 0.5263671875 0.8037109375 0.0625 0.154296875
5 0.201171875 0.4384765625 0.138671875 0.2861328125
5 0.4482421875 0.3134765625 0.1220703125 0.3076171875
5 0.609375 0.861328125 0.115234375 0.1826171875
5 0.359375 0.611328125 0.0966796875 0.1376953125
3 0.197265625 0.560546875 0.142578125 0.6591796875
3 0.3505859375 0.666015625 0.1484375 0.353515625
3 0.4482421875 0.4658203125 0.1748046875 0.8310546875
3 0.6044921875 0.830078125 0.2373046875 0.220703125