1 0.75390625 0.3857421875 0.1298828125 0.115234375
1 0.423828125 0.232421875 0.095703125 0.083984375
1 0.138671875 0.115234375 0.1845703125 0.1826171875
1 0.240234375 0.2470703125 0.091796875 0.1376953125
5 0.21484375 0.5341796875 0.126953125 0.4248046875
5 0.421875 0.529296875 0.208984375 0.3623046875
5 0.7646484375 0.7138671875 0.1982421875 0.421875
3 0.1171875 0.50390625 0.2314453125 0.9765625
3 0.2294921875 0.580078125 0.166015625 0.8203125
3 0.435546875 0.5888671875 0.2529296875 0.802734375
3 0.744140625 0.6513671875 0.220703125 0.671875