1 0.0302734375 0.3486328125 0.060546875 0.072265625
1 0.0498046875 0.298828125 0.0498046875 0.037109375
1 0.41015625 0.2900390625 0.0361328125 0.0263671875
1 0.541015625 0.3203125 0.0517578125 0.0595703125
1 0.638671875 0.296875 0.0546875 0.0595703125
1 0.8525390625 0.322265625 0.0673828125 0.083984375
3 0.0576171875 0.6044921875 0.115234375 0.6376953125
3 0.232421875 0.541015625 0.1748046875 0.5419921875
3 0.349609375 0.4921875 0.109375 0.4033203125
3 0.30859375 0.44921875 0.076171875 0.376953125
3 0.4326171875 0.4501953125 0.109375 0.365234375
3 0.544921875 0.5048828125 0.125 0.4560546875
3 0.626953125 0.45703125 0.091796875 0.3857421875
3 0.708984375 0.6259765625 0.201171875 0.6767578125
3 0.84765625 0.58984375 0.1640625 0.6669921875