1 0.0693359375 0.19140625 0.0576171875 0.1142578125
1 0.298828125 0.2333984375 0.0576171875 0.1142578125
1 0.912109375 0.1416015625 0.0703125 0.080078125
1 0.666015625 0.451171875 0.0595703125 0.1171875
5 0.7041015625 0.732421875 0.1640625 0.384765625
5 0.1181640625 0.3076171875 0.1298828125 0.2685546875
5 0.392578125 0.310546875 0.1376953125 0.1904296875
5 0.91015625 0.3583984375 0.1171875 0.3017578125
3 0.115234375 0.3583984375 0.15625 0.4638671875
3 0.3623046875 0.29296875 0.193359375 0.248046875
3 0.720703125 0.6865234375 0.197265625 0.5986328125
3 0.912109375 0.435546875 0.1611328125 0.671875