1 0.294921875 0.19921875 0.154296875 0.2109375
1 0.9658203125 0.212890625 0.0654296875 0.1591796875
0 0.638671875 0.2255859375 0.119140625 0.076171875
1 0.921875 0.240234375 0.0966796875 0.181640625
0 0.302734375 0.2783203125 0.103515625 0.052734375
1 0.4814453125 0.28125 0.1533203125 0.234375
0 0.9150390625 0.3203125 0.080078125 0.0654296875
0 0.4697265625 0.3994140625 0.1015625 0.048828125
3 0.671875 0.505859375 0.275390625 0.984375
5 0.1376953125 0.537109375 0.2626953125 0.623046875
3 0.2880859375 0.537109375 0.142578125 0.9091796875
3 0.9375 0.5634765625 0.12109375 0.873046875
3 0.8466796875 0.564453125 0.21875 0.869140625
3 0.4599609375 0.5791015625 0.2265625 0.830078125
5 0.666015625 0.6591796875 0.2548828125 0.677734375
5 0.8349609375 0.6826171875 0.1044921875 0.625
5 0.447265625 0.7119140625 0.2421875 0.5732421875
5 0.93359375 0.7255859375 0.1298828125 0.544921875
5 0.302734375 0.802734375 0.1044921875 0.302734375
1 0.134765625 0.8408203125 0.1513671875 0.265625
1 0.6318359375 0.115234375 0.1669921875 0.1904296875