1 0.4326171875 0.384765625 0.068359375 0.080078125
1 0.48046875 0.408203125 0.0546875 0.0732421875
1 0.7529296875 0.37109375 0.072265625 0.064453125
1 0.3544921875 0.4111328125 0.0625 0.0654296875
5 0.4169921875 0.560546875 0.150390625 0.255859375
5 0.7646484375 0.544921875 0.111328125 0.2001953125
5 0.6142578125 0.451171875 0.0283203125 0.0703125
3 0.3193359375 0.642578125 0.107421875 0.521484375
3 0.0556640625 0.6787109375 0.111328125 0.623046875
3 0.41796875 0.6708984375 0.1328125 0.642578125
3 0.5107421875 0.6513671875 0.1220703125 0.568359375
3 0.560546875 0.6064453125 0.0888671875 0.46875
3 0.6494140625 0.6103515625 0.1044921875 0.4609375
3 0.767578125 0.62109375 0.146484375 0.5986328125
3 0.9462890625 0.58203125 0.095703125 0.373046875
3 0.921875 0.5498046875 0.083984375 0.3779296875