1 0.068359375 0.533203125 0.056640625 0.0595703125
1 0.1796875 0.5546875 0.068359375 0.0439453125
1 0.322265625 0.583984375 0.0546875 0.072265625
1 0.361328125 0.5302734375 0.0546875 0.0703125
5 0.068359375 0.66796875 0.123046875 0.1826171875
5 0.208984375 0.669921875 0.1796875 0.193359375
5 0.392578125 0.701171875 0.1298828125 0.220703125
5 0.4228515625 0.638671875 0.111328125 0.2373046875
3 0.0673828125 0.638671875 0.125 0.2607421875
3 0.2041015625 0.650390625 0.1611328125 0.2392578125
3 0.3837890625 0.76171875 0.205078125 0.4423828125
3 0.4228515625 0.7236328125 0.1953125 0.474609375
3 0.833984375 0.30859375 0.1298828125 0.3046875
5 0.8369140625 0.275390625 0.1201171875 0.107421875