1 0.1533203125 0.58203125 0.056640625 0.1767578125
1 0.5234375 0.236328125 0.041015625 0.0703125
1 0.8173828125 0.205078125 0.0625 0.078125
1 0.1279296875 0.4833984375 0.03125 0.0546875
1 0.2783203125 0.28125 0.0439453125 0.0595703125
5 0.2900390625 0.505859375 0.154296875 0.146484375
5 0.8154296875 0.333984375 0.099609375 0.2001953125
5 0.529296875 0.404296875 0.115234375 0.146484375
5 0.5419921875 0.326171875 0.0751953125 0.1171875
5 0.7080078125 0.369140625 0.083984375 0.1845703125
5 0.123046875 0.548828125 0.0546875 0.0966796875
3 0.1181640625 0.544921875 0.076171875 0.1689453125
3 0.2626953125 0.6767578125 0.265625 0.505859375
3 0.2890625 0.353515625 0.125 0.216796875
3 0.4091796875 0.4609375 0.0966796875 0.431640625
3 0.4345703125 0.4697265625 0.0595703125 0.5078125
3 0.5234375 0.5341796875 0.140625 0.4091796875
3 0.5390625 0.2958984375 0.103515625 0.216796875
3 0.6982421875 0.4375 0.103515625 0.4091796875
3 0.8310546875 0.4541015625 0.1591796875 0.560546875