1 0.283203125 0.1337890625 0.177734375 0.2236328125
1 0.49609375 0.1982421875 0.091796875 0.1220703125
1 0.720703125 0.2392578125 0.1435546875 0.1904296875
5 0.2646484375 0.693359375 0.3203125 0.611328125
5 0.5205078125 0.5791015625 0.181640625 0.4765625
5 0.681640625 0.728515625 0.255859375 0.5390625
3 0.244140625 0.509765625 0.3623046875 0.9765625
3 0.53515625 0.564453125 0.2138671875 0.8544921875
3 0.708984375 0.5751953125 0.236328125 0.8466796875
0 0.279296875 0.2646484375 0.1533203125 0.080078125
0 0.712890625 0.3310546875 0.119140625 0.0625
0 0.494140625 0.265625 0.076171875 0.046875