1 0.1064453125 0.181640625 0.0810546875 0.0986328125
1 0.7529296875 0.1416015625 0.0654296875 0.091796875
1 0.642578125 0.140625 0.060546875 0.078125
1 0.826171875 0.435546875 0.064453125 0.0732421875
5 0.099609375 0.435546875 0.162109375 0.341796875
5 0.6298828125 0.3681640625 0.1279296875 0.279296875
5 0.76171875 0.349609375 0.1357421875 0.28125
5 0.8525390625 0.623046875 0.1298828125 0.25
3 0.123046875 0.5556640625 0.2314453125 0.857421875
3 0.6298828125 0.462890625 0.1376953125 0.7421875
3 0.7724609375 0.4599609375 0.1455078125 0.7451171875
3 0.83203125 0.650390625 0.1826171875 0.490234375