1 0.4072265625 0.3056640625 0.0546875 0.064453125
1 0.5302734375 0.3505859375 0.064453125 0.076171875
1 0.6552734375 0.279296875 0.0732421875 0.0859375
1 0.798828125 0.1767578125 0.103515625 0.099609375
5 0.423828125 0.455078125 0.109375 0.201171875
5 0.548828125 0.5234375 0.1171875 0.25
5 0.67578125 0.484375 0.138671875 0.271484375
5 0.830078125 0.4326171875 0.1826171875 0.3310546875
3 0.4228515625 0.525390625 0.173828125 0.517578125
3 0.5439453125 0.5888671875 0.134765625 0.552734375
3 0.6748046875 0.5830078125 0.1689453125 0.6845703125
3 0.8505859375 0.560546875 0.2578125 0.873046875
0 0.7919921875 0.220703125 0.0595703125 0.044921875