1 0.40625 0.1748046875 0.0966796875 0.115234375
1 0.818359375 0.150390625 0.1201171875 0.185546875
5 0.1416015625 0.583984375 0.2392578125 0.6748046875
5 0.421875 0.384765625 0.181640625 0.2607421875
5 0.640625 0.41015625 0.146484375 0.3046875
5 0.8720703125 0.4736328125 0.2001953125 0.4716796875
3 0.1689453125 0.51171875 0.306640625 0.9580078125
3 0.4287109375 0.3408203125 0.1826171875 0.453125
3 0.6396484375 0.357421875 0.189453125 0.5185546875
3 0.853515625 0.451171875 0.2578125 0.8017578125
0 0.611328125 0.19921875 0.048828125 0.033203125