1 0.48828125 0.728515625 0.044921875 0.080078125
1 0.814453125 0.666015625 0.0419921875 0.083984375
1 0.763671875 0.64453125 0.0439453125 0.0576171875
1 0.5927734375 0.4033203125 0.044921875 0.0654296875
1 0.59765625 0.3603515625 0.0390625 0.060546875
1 0.677734375 0.3681640625 0.046875 0.0703125
1 0.337890625 0.3828125 0.037109375 0.046875
1 0.3671875 0.2509765625 0.037109375 0.0419921875
1 0.404296875 0.208984375 0.0283203125 0.041015625
3 0.21875 0.6142578125 0.099609375 0.359375
3 0.458984375 0.787109375 0.134765625 0.185546875
3 0.115234375 0.6923828125 0.0966796875 0.224609375
3 0.0615234375 0.6123046875 0.0859375 0.244140625
3 0.3271484375 0.5478515625 0.0732421875 0.3798828125
3 0.591796875 0.587890625 0.0888671875 0.4345703125
3 0.7548828125 0.724609375 0.0908203125 0.2373046875
3 0.869140625 0.7275390625 0.1455078125 0.2265625
3 0.6748046875 0.5078125 0.0810546875 0.3466796875
3 0.58984375 0.41015625 0.076171875 0.154296875
3 0.6240234375 0.455078125 0.0703125 0.408203125
3 0.416015625 0.376953125 0.0654296875 0.384765625
3 0.3623046875 0.330078125 0.0439453125 0.2080078125
3 0.49609375 0.3779296875 0.0703125 0.208984375