1 0.326171875 0.6337890625 0.0888671875 0.1171875
1 0.42578125 0.341796875 0.064453125 0.072265625
1 0.5302734375 0.3486328125 0.064453125 0.078125
1 0.6025390625 0.3515625 0.076171875 0.0751953125
1 0.791015625 0.3330078125 0.107421875 0.1220703125
5 0.5400390625 0.5263671875 0.111328125 0.244140625
5 0.634765625 0.55859375 0.103515625 0.294921875
5 0.8359375 0.609375 0.125 0.4091796875
5 0.4453125 0.7060546875 0.2158203125 0.21875
3 0.4208984375 0.783203125 0.283203125 0.408203125
3 0.4345703125 0.4599609375 0.1279296875 0.326171875
3 0.5361328125 0.6318359375 0.103515625 0.658203125
3 0.62890625 0.6337890625 0.1201171875 0.6484375
3 0.8251953125 0.6279296875 0.1904296875 0.728515625