1 0.119140625 0.376953125 0.1171875 0.125
1 0.224609375 0.3359375 0.0859375 0.103515625
1 0.3662109375 0.369140625 0.091796875 0.0986328125
1 0.53125 0.380859375 0.103515625 0.1220703125
1 0.630859375 0.349609375 0.103515625 0.099609375
1 0.7294921875 0.416015625 0.103515625 0.123046875
1 0.798828125 0.333984375 0.126953125 0.126953125
5 0.357421875 0.63671875 0.1748046875 0.3515625
5 0.5185546875 0.6279296875 0.134765625 0.322265625
5 0.642578125 0.6279296875 0.1201171875 0.3466796875
5 0.740234375 0.6484375 0.1064453125 0.34375
5 0.830078125 0.666015625 0.162109375 0.423828125
3 0.119140625 0.6533203125 0.1591796875 0.6904296875
3 0.216796875 0.6396484375 0.1298828125 0.716796875
3 0.361328125 0.580078125 0.1689453125 0.541015625
3 0.5107421875 0.5703125 0.146484375 0.515625
3 0.64453125 0.564453125 0.1357421875 0.5283203125
3 0.7373046875 0.5888671875 0.109375 0.4716796875
3 0.822265625 0.634765625 0.154296875 0.7265625