1 0.205078125 0.32421875 0.0732421875 0.111328125
1 0.2802734375 0.1650390625 0.044921875 0.0517578125
1 0.31640625 0.1826171875 0.0361328125 0.046875
1 0.431640625 0.2001953125 0.041015625 0.0498046875
1 0.505859375 0.197265625 0.037109375 0.046875
1 0.5283203125 0.267578125 0.068359375 0.0751953125
1 0.7568359375 0.205078125 0.0390625 0.041015625
1 0.8662109375 0.17578125 0.029296875 0.033203125
1 0.9501953125 0.212890625 0.037109375 0.0341796875
5 0.1591796875 0.4892578125 0.166015625 0.322265625
5 0.544921875 0.412109375 0.1201171875 0.197265625
5 0.271484375 0.2724609375 0.0576171875 0.1357421875
5 0.322265625 0.2705078125 0.0595703125 0.1279296875
5 0.419921875 0.296875 0.0810546875 0.1376953125
5 0.5 0.267578125 0.052734375 0.095703125
5 0.7412109375 0.28515625 0.060546875 0.1171875
5 0.849609375 0.2412109375 0.0576171875 0.1015625
5 0.94921875 0.2724609375 0.060546875 0.0859375
3 0.1474609375 0.5751953125 0.216796875 0.5966796875
3 0.2744140625 0.2822265625 0.0576171875 0.2705078125
3 0.3203125 0.30859375 0.0595703125 0.2861328125
3 0.4169921875 0.33203125 0.068359375 0.3076171875
3 0.4970703125 0.32421875 0.0439453125 0.3076171875
3 0.548828125 0.4951171875 0.154296875 0.515625
3 0.736328125 0.30859375 0.09375 0.2607421875
3 0.845703125 0.291015625 0.0703125 0.265625
3 0.94921875 0.298828125 0.0673828125 0.2294921875