1 0.21875 0.494140625 0.052734375 0.048828125
1 0.361328125 0.5029296875 0.044921875 0.0498046875
1 0.373046875 0.470703125 0.0341796875 0.0439453125
1 0.4521484375 0.474609375 0.0419921875 0.044921875
1 0.5009765625 0.4560546875 0.0419921875 0.041015625
1 0.58203125 0.4736328125 0.0361328125 0.041015625
1 0.705078125 0.416015625 0.0673828125 0.076171875
5 0.2119140625 0.6171875 0.0888671875 0.166015625
5 0.365234375 0.6123046875 0.0830078125 0.15625
5 0.4580078125 0.595703125 0.078125 0.171875
5 0.501953125 0.5634765625 0.052734375 0.142578125
5 0.576171875 0.5478515625 0.046875 0.1015625
5 0.6220703125 0.587890625 0.072265625 0.1591796875
5 0.71484375 0.564453125 0.107421875 0.21875
5 0.3955078125 0.5673828125 0.0341796875 0.125
3 0.2216796875 0.6748046875 0.140625 0.4345703125
3 0.36328125 0.658203125 0.0986328125 0.357421875
3 0.384765625 0.576171875 0.072265625 0.248046875
3 0.458984375 0.6513671875 0.0830078125 0.40625
3 0.5078125 0.60546875 0.0751953125 0.361328125
3 0.5771484375 0.580078125 0.0703125 0.2685546875
3 0.6240234375 0.642578125 0.0732421875 0.3486328125
3 0.7138671875 0.650390625 0.109375 0.5576171875